21758235
92605791
08672246
27031951
46295628
41907129
23971780
30518376
78354567
19572601
31824612
39671751
13740345
36478357
07256751
35789071
04951103
72431739
24617438
62530248
95876751
09253352
43685975
38025167
17629514
61402304
21349167
40751862
13974493
85190714
01397364
56219842
04815576
19385395
15234612
69283973
39641721
74089243
12384064
55899892
72965348
87042680
97345275
61750185
01549321
20199892
81259278
37294469
67150941
43972253
38547068
82013532
53490249
78952826
12649592
48967540
91735649
16573842
55899892
78951761
37266877
56278479
26543267
63127293
49520073
55899892
23174287
24657412
65017549
50673140
20836305
63874105
68190129
19436751
51907529
51387129
31647502
50824786
29806143
48973986
45703248
23794403
48016684
89152329
42850596
37266877
20749539
16782754
15079406
82459681
51069830
12560602
17539237
68792235
96302762
65704158
08352153
67284068
13460261
12904163
38964640
30861725
91738201
37149762
89260598
75389753
03654520
07324950
98405073
89725318
91082248
46592530
15749189
25460396
68734725
62574143
47951176
08491578
16274306
82679248
54208130
46901395
65924347
92385096
18297782
15379952
41907813
36840317
18642382
76203876
83921856
15978516
32860218
52436248
32498702
37209260
17209310
86142401
04589245
49052392
30426175
37516620
42961912
95216273
15220791
18096201
47502473
72835276
16532407
72153782
90675295
13520075
09265760
70549358
79360604
17902685
34768759
21849381
94087457
92748168
14295416
83605472
79152218
84365980
61345061
15846042
26638985
53720587
50683548
19548964
92751274
65023310
32590031
37266877
34910160
51026062
51324159
23486792
26485109
34769631
03758674
37266877
39870319
09541185
62571176
23687618
23475762
36917189
38912248
50139781
98531047
05186504
46281180
12975826
43567307
09312248
03591872
36821934
55899892
13627216
